190
107
60
60
60
60
60
60
70
70
128
128
128
128
128
165
210
150
150
135
77
199
199
135
264
370
360
175
360
360
360
360
360
360
360
360
360
360
360
360
360
207
207
207
207
207
207
207
222
222
222
320
300
300
290
427
410
325
325
300
652
351
335
420
360
420
420
420
420
364
538
396
538
538
538
597
370
370
370
342
412
774
370
370
400
560
400
400
522
383
860
412
412
640
808
500
194
787
465
532
860
454
823
430
487
650
903
589
350
350
350
350
350
793
457
800
789
945
805
814
1500
792
824
792
732
732
762
836
853
881
780
717
824
853
1037
725
900
625
1280
741
206
990
792
585
991
1099
980
1003
877
700
986
70
706
750
390
1233
860
1232
823
1054
1414
884
649
649
689
1000
956
823
821
823
1356
853
781
875
689
689
689
689
689
689
689
689
2243
1050
1054
1018
1120
285
285
285
1097
285
285
285
285
285
285
285
285
285
285
1382
950
751
1816
1056
1199
1318
1417
309
309
768
1155
220
1030
1500
1189
953
244
1158
1215
1128
1200
192
150
1332
1654
1964
1227
1098
1220
1100
1548
192
1167
367
1344
347
375
1541
1556
671
823
396
2143
1700
1610
1372
1620
1619
2010
376
853
370
823
1851
1041