30
16
26
26
26
26
25
23
23
24
30
30
30
30
30
23
72
32
33
9
30
32
32
34
45
45
35
28
36
36
36
36
36
36
36
36
36
36
36
36
36
34
34
34
35
35
35
35
39
39
39
40
40
40
46
32
42
45
45
36
52
34
45
47
40
47
47
47
47
65
50
62
50
50
50
65
45
45
45
42
50
68
45
45
65
65
57
56
50
56
60
50
50
73
81
55
73
66
66
55
90
52
89
60
50
100
57
65
60
60
60
60
60
57
65
60
57
68
89
86
65
89
87
81
64
64
89
70
65
83
65
83
97
78
92
73
60
78
50
79
117
53
81
65
89
80
80
81
81
100
83
70
63
65
80
84
90
96
81
81
89
89
81
81
81
71
89
81
81
81
113
83
81
85
79
79
80
80
80
80
80
80
104
85
89
81
87
76
76
76
97
76
76
76
76
76
76
76
76
76
76
91
90
93
91
100
97
100
107
81
81
80
92
85
103
100
97
89
89
89
102
105
105
105
105
105
105
109
113
100
120
123
105
113
113
105
120
105
105
118
117
133
66
113
126
120
130
138
127
138
151
162
194
44
88
89
99