1983
1971
1983
1995
1991
2006
2007
2002
2004
2003
1995
2008
2000
1992
1992
2007
1984
2004
2003
1979
2001
1987
1996
2006
1984
1985
2000
2012
1998
1986
1999
1979
2003
1986
2002
1992
1992
2009
2002
2001
1981
1993
1998
2001
1993
1996
1989
2003
1998
1998
1993
1997
2009
2007
1999
2002
1994
2006
2002
2001
2001
1955
1999
2004
1990
2006
1999
2006
2007
2010
1984
2008
1982
2003
2009
2005
2000
1999
2007
2001
2007
1969
1997
2007
2006
1979
2001
2002
1993
1999
2002
2008
2008
2001
1935
2003
1995
1999
2002
2004
2004
1987
1988
2007
1985
2007
1991
1985
2008
2005
1981
1982
2001
1995
1996
2000
1971
1976
1924
1980
1992
1925
1996
2003
1993
1979
1994
2000
1987
1994
1964
1993
1999
1995
2002
2009
1989
1976
1996
1979
2002
1994
1995
1991
1986
1999
1997
1999
2009
2009
2007
2004
1983
2004
2005
1997
2008
2000
1992
1995
1995
1990
1976
1976
1993
1995
2000
1999
2008
1994
2007
2003
1997
2013
1997
1998
1999
2008
2008
2001
1999
2000
1979
2007
1976
2007
2008
1989
1999
1999
1978
1998
1997
1998
2012
2000
1992
1982
1992
1990
1998
1998
1989
1982
1983
2009
1978
1978
1981
1999
1998
2006
1994
1999
1999
1990
1996
2004
1978
1987
2003
1999
2000
2001
2004
1998
1991
2006
2000
2006
2001
2002
1992
2001
1990
2001
2001
2013
2014
1999
1989
2002
2008
1998
2000
2004
2009
2000
2002
2001
2000
1997
2003
2001
2002
2001
1972